{
  "nbformat": 4,
  "nbformat_minor": 0,
  "metadata": {
    "kernelspec": {
      "name": "python3",
      "display_name": "Python 3"
    },
    "language_info": {
      "codemirror_mode": {
        "name": "ipython",
        "version": 3
      },
      "file_extension": ".py",
      "mimetype": "text/x-python",
      "name": "python",
      "nbconvert_exporter": "python",
      "pygments_lexer": "ipython3",
      "version": "3.7.3"
    },
    "colab": {
      "name": "HW1 CSCI E-82 2019.ipynb",
      "version": "0.3.2",
      "provenance": [],
      "collapsed_sections": [],
      "machine_shape": "hm",
      "include_colab_link": true
    },
    "accelerator": "GPU"
  },
  "cells": [
    {
      "cell_type": "markdown",
      "metadata": {
        "id": "view-in-github",
        "colab_type": "text"
      },
      "source": [
        "<a href=\"https://colab.research.google.com/github/hewness/ExData_Plotting1/blob/master/HW1%5CHewGordonHW1.ipynb\" target=\"_parent\"><img src=\"https://colab.research.google.com/assets/colab-badge.svg\" alt=\"Open In Colab\"/></a>"
      ]
    },
    {
      "cell_type": "markdown",
      "metadata": {
        "id": "EJfqjYFglYoZ",
        "colab_type": "text"
      },
      "source": [
        "## <center>CSCI E-82</center>\n",
        "## <center>HW 1  Dimensionality Reduction</center>\n",
        "### <center>Due: Monday Sept 16, 2019 11:59pm EST</center>\n",
        "\n",
        "#### Note that this is an individual homework to be completed without collaborations except through Piazza.  \n",
        "\n",
        "#### We encourage you to make progress this weekend since the second homework will likely come out in a week before this one is due.\n",
        "\n"
      ]
    },
    {
      "cell_type": "markdown",
      "metadata": {
        "id": "vA_55uerlYob",
        "colab_type": "text"
      },
      "source": [
        "### Your name:\n",
        "\n",
        "\n"
      ]
    },
    {
      "cell_type": "markdown",
      "metadata": {
        "id": "uVtzyjaolYoc",
        "colab_type": "text"
      },
      "source": [
        "Gordon Hew"
      ]
    },
    {
      "cell_type": "code",
      "metadata": {
        "id": "Sf64mRhyaTwc",
        "colab_type": "code",
        "colab": {}
      },
      "source": [
        "import matplotlib.pyplot as plt\n",
        "import time\n",
        "import pandas as pd\n",
        "import numpy as np\n",
        "\n",
        "from sklearn import manifold\n",
        "from sklearn.decomposition import PCA\n",
        "from sklearn.preprocessing import StandardScaler"
      ],
      "execution_count": 0,
      "outputs": []
    },
    {
      "cell_type": "markdown",
      "metadata": {
        "id": "w4kFHmj_lYoe",
        "colab_type": "text"
      },
      "source": [
        "### Problem 1   (5 points total)\n",
        "\n",
        "$$\\mathbf{X} = \\left[\\begin{array}\n",
        "{rrr}\n",
        "1 & 2 & 3 \\\\\n",
        "4 & 5 & 7 \\\\\n",
        "8 & 10 & 12\n",
        "\\end{array}\\right]\n",
        "$$\n",
        "\n",
        "$$\\mathbf{Y} = \\left[\\begin{array}\n",
        "{rrr}\n",
        "1 & 2 & 1 \\\\\n",
        "2 & 1 & 2  \n",
        "\\end{array}\\right]\n",
        "$$\n",
        "\n",
        "### Problem 1a (3 points)\n",
        "Compute YX<sup>T</sup>.  The answer can be computed by hand and written in Markdown like the above matrices, or computed in python.  Either way is acceptable.\n"
      ]
    },
    {
      "cell_type": "code",
      "metadata": {
        "id": "UefROJGXlYoe",
        "colab_type": "code",
        "outputId": "e0e70c64-7e21-4c3b-ccb4-541643a18ed9",
        "colab": {
          "base_uri": "https://localhost:8080/",
          "height": 51
        }
      },
      "source": [
        "X = [[1, 2, 3], [4, 5, 7], [8, 10, 12]]\n",
        "Y = [[1, 2, 1], [2, 1, 2]]\n",
        "\n",
        "Xt = np.transpose(X)\n",
        "\n",
        "display(np.dot(Y, Xt))"
      ],
      "execution_count": 0,
      "outputs": [
        {
          "output_type": "display_data",
          "data": {
            "text/plain": [
              "array([[ 8, 21, 40],\n",
              "       [10, 27, 50]])"
            ]
          },
          "metadata": {
            "tags": []
          }
        }
      ]
    },
    {
      "cell_type": "markdown",
      "metadata": {
        "id": "VSsjc6ZUlYog",
        "colab_type": "text"
      },
      "source": [
        "### Problem 1b (2 points)\n",
        "\n",
        "Compute X<sup>-1</sup>, the inverse of X.  We recommend that you use python for this one."
      ]
    },
    {
      "cell_type": "code",
      "metadata": {
        "id": "3fxXGzbYlYog",
        "colab_type": "code",
        "outputId": "a26c3475-924e-427d-cdd6-7866bb69df82",
        "colab": {
          "base_uri": "https://localhost:8080/",
          "height": 68
        }
      },
      "source": [
        "X = [[1, 2, 3], [4, 5, 7], [8, 10, 12]]\n",
        "display(np.linalg.inv(X))"
      ],
      "execution_count": 0,
      "outputs": [
        {
          "output_type": "display_data",
          "data": {
            "text/plain": [
              "array([[-1.66666667,  1.        , -0.16666667],\n",
              "       [ 1.33333333, -2.        ,  0.83333333],\n",
              "       [ 0.        ,  1.        , -0.5       ]])"
            ]
          },
          "metadata": {
            "tags": []
          }
        }
      ]
    },
    {
      "cell_type": "markdown",
      "metadata": {
        "id": "rdT7V6vtlYoi",
        "colab_type": "text"
      },
      "source": [
        "### Problem 2  (50 points total)\n",
        "\n",
        "This problem goes through a combination of python data manipulations as well as the full math projection using PCA.  We have divided the problem into multiple parts.\n",
        "\n"
      ]
    },
    {
      "cell_type": "markdown",
      "metadata": {
        "id": "ZFeygQIZlYoi",
        "colab_type": "text"
      },
      "source": [
        "### Problem 2a  (5 points)\n",
        "\n",
        "Download and load in the data set from the UCI archive https://archive.ics.uci.edu/ml/machine-learning-databases/ecoli/.  Print the dimensions and the first few rows to demonstrate a successful load."
      ]
    },
    {
      "cell_type": "code",
      "metadata": {
        "id": "hZC49XqClYoj",
        "colab_type": "code",
        "outputId": "821c54dc-5cf1-4e00-861e-647835268ee9",
        "colab": {
          "base_uri": "https://localhost:8080/",
          "height": 484
        }
      },
      "source": [
        "url = 'https://archive.ics.uci.edu/ml/machine-learning-databases/ecoli/ecoli.data'\n",
        "\n",
        "ecoli_column_names = ['sequence_name', 'mcg', 'gvh', 'lip', 'chg', 'aac', 'alm1', 'alm2', 'class']\n",
        "ecoli_df = pd.read_csv(url, delimiter = '\\s+', names = ecoli_column_names, header = None, index_col = False)\n",
        "\n",
        "display(ecoli_df.head())\n",
        "display(ecoli_df.describe())"
      ],
      "execution_count": 0,
      "outputs": [
        {
          "output_type": "display_data",
          "data": {
            "text/html": [
              "<div>\n",
              "<style scoped>\n",
              "    .dataframe tbody tr th:only-of-type {\n",
              "        vertical-align: middle;\n",
              "    }\n",
              "\n",
              "    .dataframe tbody tr th {\n",
              "        vertical-align: top;\n",
              "    }\n",
              "\n",
              "    .dataframe thead th {\n",
              "        text-align: right;\n",
              "    }\n",
              "</style>\n",
              "<table border=\"1\" class=\"dataframe\">\n",
              "  <thead>\n",
              "    <tr style=\"text-align: right;\">\n",
              "      <th></th>\n",
              "      <th>sequence_name</th>\n",
              "      <th>mcg</th>\n",
              "      <th>gvh</th>\n",
              "      <th>lip</th>\n",
              "      <th>chg</th>\n",
              "      <th>aac</th>\n",
              "      <th>alm1</th>\n",
              "      <th>alm2</th>\n",
              "      <th>class</th>\n",
              "    </tr>\n",
              "  </thead>\n",
              "  <tbody>\n",
              "    <tr>\n",
              "      <th>0</th>\n",
              "      <td>AAT_ECOLI</td>\n",
              "      <td>0.49</td>\n",
              "      <td>0.29</td>\n",
              "      <td>0.48</td>\n",
              "      <td>0.5</td>\n",
              "      <td>0.56</td>\n",
              "      <td>0.24</td>\n",
              "      <td>0.35</td>\n",
              "      <td>cp</td>\n",
              "    </tr>\n",
              "    <tr>\n",
              "      <th>1</th>\n",
              "      <td>ACEA_ECOLI</td>\n",
              "      <td>0.07</td>\n",
              "      <td>0.40</td>\n",
              "      <td>0.48</td>\n",
              "      <td>0.5</td>\n",
              "      <td>0.54</td>\n",
              "      <td>0.35</td>\n",
              "      <td>0.44</td>\n",
              "      <td>cp</td>\n",
              "    </tr>\n",
              "    <tr>\n",
              "      <th>2</th>\n",
              "      <td>ACEK_ECOLI</td>\n",
              "      <td>0.56</td>\n",
              "      <td>0.40</td>\n",
              "      <td>0.48</td>\n",
              "      <td>0.5</td>\n",
              "      <td>0.49</td>\n",
              "      <td>0.37</td>\n",
              "      <td>0.46</td>\n",
              "      <td>cp</td>\n",
              "    </tr>\n",
              "    <tr>\n",
              "      <th>3</th>\n",
              "      <td>ACKA_ECOLI</td>\n",
              "      <td>0.59</td>\n",
              "      <td>0.49</td>\n",
              "      <td>0.48</td>\n",
              "      <td>0.5</td>\n",
              "      <td>0.52</td>\n",
              "      <td>0.45</td>\n",
              "      <td>0.36</td>\n",
              "      <td>cp</td>\n",
              "    </tr>\n",
              "    <tr>\n",
              "      <th>4</th>\n",
              "      <td>ADI_ECOLI</td>\n",
              "      <td>0.23</td>\n",
              "      <td>0.32</td>\n",
              "      <td>0.48</td>\n",
              "      <td>0.5</td>\n",
              "      <td>0.55</td>\n",
              "      <td>0.25</td>\n",
              "      <td>0.35</td>\n",
              "      <td>cp</td>\n",
              "    </tr>\n",
              "  </tbody>\n",
              "</table>\n",
              "</div>"
            ],
            "text/plain": [
              "  sequence_name   mcg   gvh   lip  chg   aac  alm1  alm2 class\n",
              "0     AAT_ECOLI  0.49  0.29  0.48  0.5  0.56  0.24  0.35    cp\n",
              "1    ACEA_ECOLI  0.07  0.40  0.48  0.5  0.54  0.35  0.44    cp\n",
              "2    ACEK_ECOLI  0.56  0.40  0.48  0.5  0.49  0.37  0.46    cp\n",
              "3    ACKA_ECOLI  0.59  0.49  0.48  0.5  0.52  0.45  0.36    cp\n",
              "4     ADI_ECOLI  0.23  0.32  0.48  0.5  0.55  0.25  0.35    cp"
            ]
          },
          "metadata": {
            "tags": []
          }
        },
        {
          "output_type": "display_data",
          "data": {
            "text/html": [
              "<div>\n",
              "<style scoped>\n",
              "    .dataframe tbody tr th:only-of-type {\n",
              "        vertical-align: middle;\n",
              "    }\n",
              "\n",
              "    .dataframe tbody tr th {\n",
              "        vertical-align: top;\n",
              "    }\n",
              "\n",
              "    .dataframe thead th {\n",
              "        text-align: right;\n",
              "    }\n",
              "</style>\n",
              "<table border=\"1\" class=\"dataframe\">\n",
              "  <thead>\n",
              "    <tr style=\"text-align: right;\">\n",
              "      <th></th>\n",
              "      <th>mcg</th>\n",
              "      <th>gvh</th>\n",
              "      <th>lip</th>\n",
              "      <th>chg</th>\n",
              "      <th>aac</th>\n",
              "      <th>alm1</th>\n",
              "      <th>alm2</th>\n",
              "    </tr>\n",
              "  </thead>\n",
              "  <tbody>\n",
              "    <tr>\n",
              "      <th>count</th>\n",
              "      <td>336.000000</td>\n",
              "      <td>336.000000</td>\n",
              "      <td>336.000000</td>\n",
              "      <td>336.000000</td>\n",
              "      <td>336.000000</td>\n",
              "      <td>336.000000</td>\n",
              "      <td>336.000000</td>\n",
              "    </tr>\n",
              "    <tr>\n",
              "      <th>mean</th>\n",
              "      <td>0.500060</td>\n",
              "      <td>0.500000</td>\n",
              "      <td>0.495476</td>\n",
              "      <td>0.501488</td>\n",
              "      <td>0.500030</td>\n",
              "      <td>0.500179</td>\n",
              "      <td>0.499732</td>\n",
              "    </tr>\n",
              "    <tr>\n",
              "      <th>std</th>\n",
              "      <td>0.194634</td>\n",
              "      <td>0.148157</td>\n",
              "      <td>0.088495</td>\n",
              "      <td>0.027277</td>\n",
              "      <td>0.122376</td>\n",
              "      <td>0.215751</td>\n",
              "      <td>0.209411</td>\n",
              "    </tr>\n",
              "    <tr>\n",
              "      <th>min</th>\n",
              "      <td>0.000000</td>\n",
              "      <td>0.160000</td>\n",
              "      <td>0.480000</td>\n",
              "      <td>0.500000</td>\n",
              "      <td>0.000000</td>\n",
              "      <td>0.030000</td>\n",
              "      <td>0.000000</td>\n",
              "    </tr>\n",
              "    <tr>\n",
              "      <th>25%</th>\n",
              "      <td>0.340000</td>\n",
              "      <td>0.400000</td>\n",
              "      <td>0.480000</td>\n",
              "      <td>0.500000</td>\n",
              "      <td>0.420000</td>\n",
              "      <td>0.330000</td>\n",
              "      <td>0.350000</td>\n",
              "    </tr>\n",
              "    <tr>\n",
              "      <th>50%</th>\n",
              "      <td>0.500000</td>\n",
              "      <td>0.470000</td>\n",
              "      <td>0.480000</td>\n",
              "      <td>0.500000</td>\n",
              "      <td>0.495000</td>\n",
              "      <td>0.455000</td>\n",
              "      <td>0.430000</td>\n",
              "    </tr>\n",
              "    <tr>\n",
              "      <th>75%</th>\n",
              "      <td>0.662500</td>\n",
              "      <td>0.570000</td>\n",
              "      <td>0.480000</td>\n",
              "      <td>0.500000</td>\n",
              "      <td>0.570000</td>\n",
              "      <td>0.710000</td>\n",
              "      <td>0.710000</td>\n",
              "    </tr>\n",
              "    <tr>\n",
              "      <th>max</th>\n",
              "      <td>0.890000</td>\n",
              "      <td>1.000000</td>\n",
              "      <td>1.000000</td>\n",
              "      <td>1.000000</td>\n",
              "      <td>0.880000</td>\n",
              "      <td>1.000000</td>\n",
              "      <td>0.990000</td>\n",
              "    </tr>\n",
              "  </tbody>\n",
              "</table>\n",
              "</div>"
            ],
            "text/plain": [
              "              mcg         gvh         lip  ...         aac        alm1        alm2\n",
              "count  336.000000  336.000000  336.000000  ...  336.000000  336.000000  336.000000\n",
              "mean     0.500060    0.500000    0.495476  ...    0.500030    0.500179    0.499732\n",
              "std      0.194634    0.148157    0.088495  ...    0.122376    0.215751    0.209411\n",
              "min      0.000000    0.160000    0.480000  ...    0.000000    0.030000    0.000000\n",
              "25%      0.340000    0.400000    0.480000  ...    0.420000    0.330000    0.350000\n",
              "50%      0.500000    0.470000    0.480000  ...    0.495000    0.455000    0.430000\n",
              "75%      0.662500    0.570000    0.480000  ...    0.570000    0.710000    0.710000\n",
              "max      0.890000    1.000000    1.000000  ...    0.880000    1.000000    0.990000\n",
              "\n",
              "[8 rows x 7 columns]"
            ]
          },
          "metadata": {
            "tags": []
          }
        }
      ]
    },
    {
      "cell_type": "markdown",
      "metadata": {
        "id": "rxx_L9zulYok",
        "colab_type": "text"
      },
      "source": [
        "### Problem 2b  (10 points)\n",
        "Compute and print the covariance matrix for all columns excluding the first and last.  Rather than use the built-in function, compute this using python code for practice.  The following equation will suffice for this.\n",
        "\n",
        "Cov(X, Y) = Σ ( Xi - X ) ( Yi - Y ) / (N-1) \n"
      ]
    },
    {
      "cell_type": "code",
      "metadata": {
        "id": "8Y1wq12myl7T",
        "colab_type": "code",
        "colab": {}
      },
      "source": [
        "X = ecoli_df.iloc[:,1:8].values\n",
        "y = ecoli_df.iloc[:,8].values\n",
        "\n",
        "X_scaled = StandardScaler().fit_transform(X)\n",
        "X_scaled_df = pd.DataFrame(X_scaled, columns = ['mcg', 'gvh', 'lip', 'chg', 'aac', 'alm1', 'alm2'])"
      ],
      "execution_count": 0,
      "outputs": []
    },
    {
      "cell_type": "code",
      "metadata": {
        "id": "oWWGBlL8bXaa",
        "colab_type": "code",
        "outputId": "81fa72cf-deb7-4ea8-a92b-e909f656ed89",
        "colab": {
          "base_uri": "https://localhost:8080/",
          "height": 266
        }
      },
      "source": [
        "def compute_cov(df, column_names):\n",
        "  n = len(df.index)\n",
        "\n",
        "  covs = list()\n",
        "\n",
        "  for x_col_name in column_names:\n",
        "    x_mean = np.mean(df[x_col_name])\n",
        "    x = df[x_col_name]\n",
        "    \n",
        "    xy_covs = list()\n",
        "    \n",
        "    for y_col_name in column_names:\n",
        "      y_mean = np.mean(df[y_col_name])\n",
        "      y = df[y_col_name]\n",
        "      \n",
        "      cov = 0\n",
        "      \n",
        "      for i in range(0, x.size):\n",
        "        cov += ((x[i] - x_mean)*(y[i] - y_mean)) / (n - 1)\n",
        "      \n",
        "      xy_covs.append(cov)\n",
        "    \n",
        "    covs.append(xy_covs)\n",
        "\n",
        "  C = pd.DataFrame(covs, columns = column_names, index = column_names)\n",
        "  return C\n",
        "\n",
        "ecoli_numeric_column_names = ['mcg', 'gvh', 'lip', 'chg', 'aac', 'alm1', 'alm2']\n",
        "C = compute_cov(X_scaled_df, ecoli_numeric_column_names)\n",
        "display(C)\n",
        "\n",
        "assert np.allclose(C, X_scaled_df.cov()), 'computed covariance and numpy computed covariance should be equal'"
      ],
      "execution_count": 0,
      "outputs": [
        {
          "output_type": "display_data",
          "data": {
            "text/html": [
              "<div>\n",
              "<style scoped>\n",
              "    .dataframe tbody tr th:only-of-type {\n",
              "        vertical-align: middle;\n",
              "    }\n",
              "\n",
              "    .dataframe tbody tr th {\n",
              "        vertical-align: top;\n",
              "    }\n",
              "\n",
              "    .dataframe thead th {\n",
              "        text-align: right;\n",
              "    }\n",
              "</style>\n",
              "<table border=\"1\" class=\"dataframe\">\n",
              "  <thead>\n",
              "    <tr style=\"text-align: right;\">\n",
              "      <th></th>\n",
              "      <th>mcg</th>\n",
              "      <th>gvh</th>\n",
              "      <th>lip</th>\n",
              "      <th>chg</th>\n",
              "      <th>aac</th>\n",
              "      <th>alm1</th>\n",
              "      <th>alm2</th>\n",
              "    </tr>\n",
              "  </thead>\n",
              "  <tbody>\n",
              "    <tr>\n",
              "      <th>mcg</th>\n",
              "      <td>1.002985</td>\n",
              "      <td>0.456163</td>\n",
              "      <td>0.147280</td>\n",
              "      <td>0.070475</td>\n",
              "      <td>0.221358</td>\n",
              "      <td>0.398164</td>\n",
              "      <td>0.167585</td>\n",
              "    </tr>\n",
              "    <tr>\n",
              "      <th>gvh</th>\n",
              "      <td>0.456163</td>\n",
              "      <td>1.002985</td>\n",
              "      <td>0.043935</td>\n",
              "      <td>0.018521</td>\n",
              "      <td>0.070033</td>\n",
              "      <td>0.174010</td>\n",
              "      <td>-0.120558</td>\n",
              "    </tr>\n",
              "    <tr>\n",
              "      <th>lip</th>\n",
              "      <td>0.147280</td>\n",
              "      <td>0.043935</td>\n",
              "      <td>1.002985</td>\n",
              "      <td>0.312882</td>\n",
              "      <td>0.070400</td>\n",
              "      <td>0.096074</td>\n",
              "      <td>-0.057742</td>\n",
              "    </tr>\n",
              "    <tr>\n",
              "      <th>chg</th>\n",
              "      <td>0.070475</td>\n",
              "      <td>0.018521</td>\n",
              "      <td>0.312882</td>\n",
              "      <td>1.002985</td>\n",
              "      <td>-0.044859</td>\n",
              "      <td>-0.007677</td>\n",
              "      <td>-0.052344</td>\n",
              "    </tr>\n",
              "    <tr>\n",
              "      <th>aac</th>\n",
              "      <td>0.221358</td>\n",
              "      <td>0.070033</td>\n",
              "      <td>0.070400</td>\n",
              "      <td>-0.044859</td>\n",
              "      <td>1.002985</td>\n",
              "      <td>0.280317</td>\n",
              "      <td>0.253429</td>\n",
              "    </tr>\n",
              "    <tr>\n",
              "      <th>alm1</th>\n",
              "      <td>0.398164</td>\n",
              "      <td>0.174010</td>\n",
              "      <td>0.096074</td>\n",
              "      <td>-0.007677</td>\n",
              "      <td>0.280317</td>\n",
              "      <td>1.002985</td>\n",
              "      <td>0.811740</td>\n",
              "    </tr>\n",
              "    <tr>\n",
              "      <th>alm2</th>\n",
              "      <td>0.167585</td>\n",
              "      <td>-0.120558</td>\n",
              "      <td>-0.057742</td>\n",
              "      <td>-0.052344</td>\n",
              "      <td>0.253429</td>\n",
              "      <td>0.811740</td>\n",
              "      <td>1.002985</td>\n",
              "    </tr>\n",
              "  </tbody>\n",
              "</table>\n",
              "</div>"
            ],
            "text/plain": [
              "           mcg       gvh       lip       chg       aac      alm1      alm2\n",
              "mcg   1.002985  0.456163  0.147280  0.070475  0.221358  0.398164  0.167585\n",
              "gvh   0.456163  1.002985  0.043935  0.018521  0.070033  0.174010 -0.120558\n",
              "lip   0.147280  0.043935  1.002985  0.312882  0.070400  0.096074 -0.057742\n",
              "chg   0.070475  0.018521  0.312882  1.002985 -0.044859 -0.007677 -0.052344\n",
              "aac   0.221358  0.070033  0.070400 -0.044859  1.002985  0.280317  0.253429\n",
              "alm1  0.398164  0.174010  0.096074 -0.007677  0.280317  1.002985  0.811740\n",
              "alm2  0.167585 -0.120558 -0.057742 -0.052344  0.253429  0.811740  1.002985"
            ]
          },
          "metadata": {
            "tags": []
          }
        }
      ]
    },
    {
      "cell_type": "markdown",
      "metadata": {
        "id": "P5EQ7gTDlYom",
        "colab_type": "text"
      },
      "source": [
        "### Problem 2c  (10 points)\n",
        "\n",
        "Compute the decomposition of the covariance matrix using singular value decomposition.  Using a python function is definitely the way to go here."
      ]
    },
    {
      "cell_type": "code",
      "metadata": {
        "id": "RKCHjasAlYoo",
        "colab_type": "code",
        "outputId": "15f83bdb-90bc-4ca1-b485-68ee723107a7",
        "colab": {
          "base_uri": "https://localhost:8080/",
          "height": 527
        }
      },
      "source": [
        "u, s, vh = np.linalg.svd(C)\n",
        "\n",
        "print('u:', u)\n",
        "print('s:', s)\n",
        "print('vh:', vh)\n",
        "\n",
        "assert np.allclose(C.values, np.dot(u, np.dot(s * np.eye(7),  vh)))"
      ],
      "execution_count": 0,
      "outputs": [
        {
          "output_type": "stream",
          "text": [
            "u: [[-0.43301833  0.37265574 -0.29219921  0.06707282 -0.00490985  0.75965086\n",
            "   0.08154845]\n",
            " [-0.22398568  0.47029644 -0.55288668  0.14655068  0.05019625 -0.60363588\n",
            "   0.18599716]\n",
            " [-0.10951653  0.48177748  0.49223261 -0.20125402 -0.67128037 -0.10724976\n",
            "   0.10478843]\n",
            " [-0.01816912  0.45560856  0.5451792   0.20553058  0.67163159 -0.03639389\n",
            "  -0.01462969]\n",
            " [-0.34590722 -0.04745278 -0.00818155 -0.88426143  0.29459176 -0.09557701\n",
            "  -0.01385432]\n",
            " [-0.6070701  -0.16428058  0.11045841  0.24341844 -0.09365082 -0.16949665\n",
            "  -0.70393508]\n",
            " [-0.51167924 -0.4135461   0.23907035  0.22384663  0.01396843 -0.08867463\n",
            "   0.67219322]]\n",
            "s: [2.21220928 1.46555238 1.20508931 0.85971779 0.671441   0.48008494\n",
            " 0.12680082]\n",
            "vh: [[-0.43301833 -0.22398568 -0.10951653 -0.01816912 -0.34590722 -0.6070701\n",
            "  -0.51167924]\n",
            " [ 0.37265574  0.47029644  0.48177748  0.45560856 -0.04745278 -0.16428058\n",
            "  -0.4135461 ]\n",
            " [-0.29219921 -0.55288668  0.49223261  0.5451792  -0.00818155  0.11045841\n",
            "   0.23907035]\n",
            " [ 0.06707282  0.14655068 -0.20125402  0.20553058 -0.88426143  0.24341844\n",
            "   0.22384663]\n",
            " [-0.00490985  0.05019625 -0.67128037  0.67163159  0.29459176 -0.09365082\n",
            "   0.01396843]\n",
            " [ 0.75965086 -0.60363588 -0.10724976 -0.03639389 -0.09557701 -0.16949665\n",
            "  -0.08867463]\n",
            " [ 0.08154845  0.18599716  0.10478843 -0.01462969 -0.01385432 -0.70393508\n",
            "   0.67219322]]\n"
          ],
          "name": "stdout"
        }
      ]
    },
    {
      "cell_type": "markdown",
      "metadata": {
        "id": "f9-QxC20lYoq",
        "colab_type": "text"
      },
      "source": [
        "### Problem 2d  (10 points)\n",
        "\n",
        "Compute the projection of the raw data onto the appropriate two eigenvectors.  Consider which columns should be projected and the normalizations."
      ]
    },
    {
      "cell_type": "code",
      "metadata": {
        "id": "1OolYtmplYoq",
        "colab_type": "code",
        "outputId": "cd9c634b-79ad-486d-8472-ad14722d1231",
        "colab": {
          "base_uri": "https://localhost:8080/",
          "height": 323
        }
      },
      "source": [
        "eigenvalues, eigenvectors = np.linalg.eigh(C)\n",
        "\n",
        "idx = np.argsort(-eigenvalues)\n",
        "eigenvalues = eigenvalues[idx]\n",
        "eigenvectors = eigenvectors[:, idx]\n",
        "\n",
        "matrix_w = eigenvectors[:,:2]\n",
        "\n",
        "print('Eigenvalues\\n', eigenvalues)\n",
        "print('Eigenvectors\\n', eigenvectors)\n",
        "\n",
        "U = eigenvectors\n",
        "S = eigenvalues * np.eye(7)\n",
        "V = U.T\n",
        "D = np.dot(U, np.dot(S,  V))\n",
        "\n",
        "assert np.allclose(C.values, D)"
      ],
      "execution_count": 0,
      "outputs": [
        {
          "output_type": "stream",
          "text": [
            "Eigenvalues\n",
            " [2.21220928 1.46555238 1.20508931 0.85971779 0.671441   0.48008494\n",
            " 0.12680082]\n",
            "Eigenvectors\n",
            " [[-0.43301833  0.37265574 -0.29219921 -0.06707282 -0.00490985  0.75965086\n",
            "  -0.08154845]\n",
            " [-0.22398568  0.47029644 -0.55288668 -0.14655068  0.05019625 -0.60363588\n",
            "  -0.18599716]\n",
            " [-0.10951653  0.48177748  0.49223261  0.20125402 -0.67128037 -0.10724976\n",
            "  -0.10478843]\n",
            " [-0.01816912  0.45560856  0.5451792  -0.20553058  0.67163159 -0.03639389\n",
            "   0.01462969]\n",
            " [-0.34590722 -0.04745278 -0.00818155  0.88426143  0.29459176 -0.09557701\n",
            "   0.01385432]\n",
            " [-0.6070701  -0.16428058  0.11045841 -0.24341844 -0.09365082 -0.16949665\n",
            "   0.70393508]\n",
            " [-0.51167924 -0.4135461   0.23907035 -0.22384663  0.01396843 -0.08867463\n",
            "  -0.67219322]]\n"
          ],
          "name": "stdout"
        }
      ]
    },
    {
      "cell_type": "markdown",
      "metadata": {
        "id": "qdxRswBXlYos",
        "colab_type": "text"
      },
      "source": [
        "### Problem 2e  (10 points)\n",
        "\n",
        "Plot the projected points such that the 8 different classes can be visually identified.  Be sure to label the classes and axes.  Comment on the quality of the separation of the different classes using PCA."
      ]
    },
    {
      "cell_type": "code",
      "metadata": {
        "id": "zoCw54Vwav2o",
        "colab_type": "code",
        "colab": {}
      },
      "source": [
        "def plot_projection(projection, y, title, y_label, x_label):  \n",
        "  plt.figure(figsize=(16, 8))\n",
        "  plt.title(title)\n",
        "\n",
        "  classes = list(set(y))\n",
        "  # maintain color mapping deterministically\n",
        "  classes.sort()\n",
        "\n",
        "  colors = ['b', 'g', 'r', 'c', 'm', 'y', 'orange']\n",
        "\n",
        "  for y_class, color in zip(classes, colors):\n",
        "      plt.scatter(projection[y == y_class, 0], projection[y == y_class, 1], label = y_class, c = color, alpha = 0.8)\n",
        "  plt.xlabel(x_label)\n",
        "  plt.ylabel(y_label)\n",
        "  plt.legend()\n",
        "  plt.grid()\n",
        "  plt.show()\n",
        "\n",
        "def get_ecoli_XY(ecoli_df):\n",
        "  X = ecoli_df.iloc[:,1:8].values\n",
        "  y = ecoli_df.iloc[:,8].values\n",
        "  X_scaled = StandardScaler().fit_transform(X)\n",
        "  return X, y, X_scaled    "
      ],
      "execution_count": 0,
      "outputs": []
    },
    {
      "cell_type": "code",
      "metadata": {
        "id": "wK8mMhwmR6i8",
        "colab_type": "code",
        "outputId": "252a7b88-26c5-4233-df1c-b0fe9566a120",
        "colab": {
          "base_uri": "https://localhost:8080/",
          "height": 513
        }
      },
      "source": [
        "X_pca = X_scaled.dot(matrix_w)\n",
        "plot_projection(X_pca, y, 'PCA - PC2 vs PC1', 'PC2', 'PC1')\n",
        "\n",
        "# pca = PCA(n_components = 2)\n",
        "# X_pca = pca.fit_transform(X_scaled)\n",
        "# plot_projection(X_pca, y, 'PCA - PC2 vs PC1', 'PC2', 'PC1')"
      ],
      "execution_count": 0,
      "outputs": [
        {
          "output_type": "display_data",
          "data": {
